-0.851651   0.397131 -0.34202   15    | 
 0.0115134 -0.63824  -0.769751 -35    |
-0.523983  -0.659497  0.538986  515   |
 0          0         0         1     |
=======================================

-0.851651 0.397131 -0.34202 15 0.0115134 -0.63824 -0.769751 -35 -0.523983 -0.659497 0.538986 515 0 0 0 1

[r11 r12 r13 tx]
[r21 r22 r23 ty]
[r31 r32 r33 tz]
Into camera coordinates [T_cm]

==============================================
Unity use a left-handed system, and opengl is right-handed
==============================================
=====================TEST MATRIX=======================
[-4.1075268e-08, -0.93969262,   0.34202009, 15;
 -0.17364831,    -0.33682406,  -0.92541647, 100;
 0.98480773,     -0.059391256, -0.16317602, 515;
 0,               0,            0,          1]
====================Random (248, -78, 31)============================
[0.17821507, -0.10708243, -0.97814763, 15;
 0.58444804, -0.78820014, 0.19277236, -35;
 -0.79161859, -0.60603142, -0.077885024, 515;
 0, 0, 0, 1]
=======================90 x===========================
[0.99999994, 0, 0, 15;
 0, -4.3711388e-08, -1, -35;
 0, 1, -4.3711388e-08, 515;
 0, 0, 0, 1]
=========================90 y==========================
[-4.3711388e-08, 0, 1, 15;
 0, 0.99999994, 0, -35;
 -1, 0, -4.3711388e-08, 515;
 0, 0, 0, 1]
=======================90 z============================
[-4.3711388e-08, -1, 0, 15;
 1, -4.3711388e-08, 0, -35;
 0, 0, 0.99999994, 515;
 0, 0, 0, 1]
