Adding Object: Assets\Resources\Models\squirrel_demo_low.obj
tx= 15.000000, ty= -35.000000, tz= 515.000000
alpha= 55.000000, beta= -20.000000, gamma= 205.000000
scale= 1.000000, qualityThreshold= 0.550000
templateDistances ={ 200 400 600 }
Object Assets\Resources\Models\squirrel_demo_low.obj added with result: 0
GL Version 3.3.0 - Build 27.20.100.8681
GLSL Version 3.30 - Build 27.20.100.8681
Estimator created with parametrs:
width= 640, height= 512
zNear= 10.000000, zFar= 10000.000000
K = { 650.047974 0.000000 324.328003 0.000000 647.182983 257.322998 0.000000 0.000000 1.000000 }
distCoeffs = { 0.0000000.0000000.0000000.000000}
PoseEstimator created with result: 0
Frame received with result: 0
-0.851651 0.397131 -0.342020 15.000000 0.011513 -0.638240 -0.769751 -35.000000 -0.523983 -0.659497 0.538986 515.000000 0.000000 0.000000 0.000000 1.000000 
Poses estimated with result: 0 undistortFrame=0 checkForLoss=1
Tracking toggled with result: 0, undistortFrame= 0
Frame received with result: 0
-0.842270 0.403710 -0.357212 13.713731 0.022624 -0.635602 -0.771685 -34.600220 -0.538581 -0.658049 0.526215 509.126221 0.000000 0.000000 0.000000 1.000000 
Poses estimated with result: 0 undistortFrame=0 checkForLoss=0
Frame received with result: 0
-0.828230 0.411578 -0.380314 12.274481 0.042600 -0.630455 -0.775056 -34.480728 -0.558767 -0.658126 0.504629 505.081421 0.000000 0.000000 0.000000 1.000000 
Poses estimated with result: 0 undistortFrame=0 checkForLoss=1
Frame received with result: 0
-0.817240 0.418124 -0.396599 11.205796 0.056282 -0.626988 -0.776993 -34.414444 -0.573542 -0.657311 0.488867 501.709045 0.000000 0.000000 0.000000 1.000000 
Poses estimated with result: 0 undistortFrame=0 checkForLoss=1
Frame received with result: 0
-0.809703 0.421289 -0.408529 10.424181 0.067951 -0.624161 -0.778335 -34.273102 -0.582892 -0.657981 0.476758 498.519501 0.000000 0.000000 0.000000 1.000000 
Poses estimated with result: 0 undistortFrame=0 checkForLoss=1
Frame received with result: 0
-0.800368 0.424596 -0.423237 9.693724 0.081832 -0.621991 -0.778737 -34.091583 -0.593898 -0.657910 0.463076 495.663788 0.000000 0.000000 0.000000 1.000000 
Poses estimated with result: 0 undistortFrame=0 checkForLoss=1
Frame received with result: 0
-0.794368 0.425356 -0.433649 8.987936 0.095780 -0.617260 -0.780908 -33.926853 -0.599838 -0.661863 0.449591 492.411774 0.000000 0.000000 0.000000 1.000000 
Poses estimated with result: 0 undistortFrame=0 checkForLoss=1
Frame received with result: 0
-0.792650 0.423394 -0.438683 8.555616 0.107882 -0.610775 -0.784420 -33.861961 -0.600055 -0.669097 0.438455 489.473389 0.000000 0.000000 0.000000 1.000000 
Poses estimated with result: 0 undistortFrame=0 checkForLoss=1
Frame received with result: 0
-0.789506 0.421153 -0.446440 7.801724 0.126973 -0.599588 -0.790172 -33.662354 -0.600464 -0.680532 0.419903 483.384003 0.000000 0.000000 0.000000 1.000000 
Poses estimated with result: 0 undistortFrame=0 checkForLoss=1
Frame received with result: 0
-0.785513 0.422111 -0.452538 7.636478 0.135500 -0.596203 -0.791317 -33.560814 -0.603828 -0.682909 0.411129 482.632172 0.000000 0.000000 0.000000 1.000000 
Poses estimated with result: 0 undistortFrame=0 checkForLoss=1
Frame received with result: 0
-0.785986 0.419349 -0.454281 7.443773 0.138023 -0.597227 -0.790108 -33.532051 -0.602639 -0.683716 0.411532 481.792511 0.000000 0.000000 0.000000 1.000000 
Poses estimated with result: 0 undistortFrame=0 checkForLoss=1
Frame received with result: 0
-0.787361 0.419608 -0.451654 7.499891 0.137930 -0.594148 -0.792442 -33.468658 -0.600865 -0.686234 0.409932 481.337738 0.000000 0.000000 0.000000 1.000000 
Poses estimated with result: 0 undistortFrame=0 checkForLoss=1
Frame received with result: 0
-0.786158 0.420088 -0.453301 7.278603 0.142256 -0.590772 -0.794199 -33.335796 -0.601431 -0.688851 0.404680 479.582367 0.000000 0.000000 0.000000 1.000000 
Poses estimated with result: 0 undistortFrame=0 checkForLoss=1
Frame received with result: 0
-0.786461 0.417754 -0.454929 7.174595 0.148448 -0.587119 -0.795772 -33.176727 -0.599536 -0.693377 0.399731 478.469635 0.000000 0.000000 0.000000 1.000000 
Poses estimated with result: 0 undistortFrame=0 checkForLoss=1
Frame received with result: 0
-0.787479 0.416951 -0.453905 7.037004 0.146852 -0.588311 -0.795188 -33.193748 -0.598592 -0.692851 0.402052 478.087036 0.000000 0.000000 0.000000 1.000000 
Poses estimated with result: 0 undistortFrame=0 checkForLoss=1
Frame received with result: 0
-0.787317 0.415341 -0.455658 7.123880 0.150935 -0.586718 -0.795600 -33.128334 -0.597789 -0.695165 0.399243 478.125946 0.000000 0.000000 0.000000 1.000000 
Poses estimated with result: 0 undistortFrame=0 checkForLoss=1
Frame received with result: 0
-0.788284 0.415199 -0.454113 6.966072 0.150494 -0.585509 -0.796574 -33.064556 -0.596624 -0.696268 0.399062 477.491760 0.000000 0.000000 0.000000 1.000000 
Poses estimated with result: 0 undistortFrame=0 checkForLoss=1
Frame received with result: 0
-0.787689 0.414418 -0.455855 6.933812 0.153601 -0.584463 -0.796749 -32.989853 -0.596618 -0.697611 0.396720 476.637482 0.000000 0.000000 0.000000 1.000000 
Poses estimated with result: 0 undistortFrame=0 checkForLoss=1
Frame received with result: 0
-0.787050 0.414750 -0.456657 6.902074 0.155273 -0.583234 -0.797325 -32.941765 -0.597029 -0.698441 0.394635 476.839569 0.000000 0.000000 0.000000 1.000000 
Poses estimated with result: 0 undistortFrame=0 checkForLoss=1
Frame received with result: 0
-0.788380 0.412782 -0.456146 6.888521 0.156923 -0.582009 -0.797897 -32.883671 -0.594839 -0.700626 0.394069 476.253845 0.000000 0.000000 0.000000 1.000000 
Poses estimated with result: 0 undistortFrame=0 checkForLoss=1
Frame received with result: 0
-0.788796 0.412144 -0.456003 6.912035 0.157681 -0.581372 -0.798212 -32.842808 -0.594086 -0.701530 0.393597 476.558197 0.000000 0.000000 0.000000 1.000000 
Poses estimated with result: 0 undistortFrame=0 checkForLoss=1
Frame received with result: 0
-0.788300 0.412715 -0.456344 6.824031 0.157263 -0.581889 -0.797917 -32.920967 -0.594854 -0.700765 0.393799 476.183716 0.000000 0.000000 0.000000 1.000000 
Poses estimated with result: 0 undistortFrame=0 checkForLoss=1
Frame received with result: 0
-0.788714 0.412285 -0.456017 6.777827 0.156205 -0.583033 -0.797290 -32.847843 -0.594584 -0.700066 0.395445 476.102417 0.000000 0.000000 0.000000 1.000000 
Poses estimated with result: 0 undistortFrame=0 checkForLoss=1
Frame received with result: 0
-0.790103 0.410917 -0.454847 6.831310 0.158657 -0.579652 -0.799269 -32.645325 -0.592086 -0.703669 0.392790 475.392578 0.000000 0.000000 0.000000 1.000000 
Poses estimated with result: 0 undistortFrame=0 checkForLoss=1
Frame received with result: 0
-0.788993 0.411947 -0.455841 6.763305 0.158234 -0.580656 -0.798624 -32.727314 -0.593678 -0.702238 0.392949 475.455322 0.000000 0.000000 0.000000 1.000000 
Poses estimated with result: 0 undistortFrame=0 checkForLoss=1
Frame received with result: 0
-0.789991 0.411123 -0.454855 6.763463 0.159225 -0.578849 -0.799738 -32.653862 -0.592083 -0.704210 0.391824 474.812408 0.000000 0.000000 0.000000 1.000000 
Poses estimated with result: 0 undistortFrame=0 checkForLoss=1
Frame received with result: 0
-0.788617 0.411674 -0.456736 6.695131 0.160875 -0.578784 -0.799455 -32.638969 -0.593467 -0.703940 0.390211 474.939545 0.000000 0.000000 0.000000 1.000000 
Poses estimated with result: 0 undistortFrame=0 checkForLoss=1
Frame received with result: 0
-0.789697 0.411157 -0.455334 6.662277 0.158904 -0.579784 -0.799124 -32.612095 -0.592561 -0.703420 0.392519 474.885254 0.000000 0.000000 0.000000 1.000000 
Poses estimated with result: 0 undistortFrame=0 checkForLoss=1
Frame received with result: 0
-0.790149 0.410487 -0.455155 6.662362 0.160891 -0.577652 -0.800270 -32.638939 -0.591422 -0.705562 0.390387 474.828552 0.000000 0.000000 0.000000 1.000000 
Poses estimated with result: 0 undistortFrame=0 checkForLoss=1
Frame received with result: 0
-0.790742 0.409851 -0.454698 6.642379 0.162798 -0.575241 -0.801620 -32.427029 -0.590106 -0.707897 0.388144 474.231567 0.000000 0.000000 0.000000 1.000000 
Poses estimated with result: 0 undistortFrame=0 checkForLoss=1
Frame received with result: 0
-0.791478 0.409256 -0.453953 6.494077 0.168273 -0.568112 -0.805563 -32.283978 -0.587579 -0.713973 0.380781 473.651642 0.000000 0.000000 0.000000 1.000000 
Poses estimated with result: 0 undistortFrame=0 checkForLoss=1
Frame received with result: 0
-0.793338 0.407104 -0.452639 6.478679 0.169550 -0.566343 -0.806540 -32.148098 -0.584696 -0.716603 0.380276 473.363159 0.000000 0.000000 0.000000 1.000000 
Poses estimated with result: 0 undistortFrame=0 checkForLoss=1
Frame received with result: 0
-0.793955 0.405698 -0.452819 6.426756 0.175601 -0.560031 -0.809647 -32.089237 -0.582065 -0.722339 0.373398 473.066162 0.000000 0.000000 0.000000 1.000000 
Poses estimated with result: 0 undistortFrame=0 checkForLoss=1
Frame received with result: 0
-0.796557 0.402458 -0.451138 6.372767 0.180696 -0.553618 -0.812930 -31.822006 -0.576929 -0.729063 0.368265 472.143280 0.000000 0.000000 0.000000 1.000000 
Poses estimated with result: 0 undistortFrame=0 checkForLoss=1
Frame received with result: 0
-0.796657 0.403372 -0.450145 6.378849 0.181030 -0.551318 -0.814418 -31.757124 -0.576686 -0.730300 0.366188 472.577759 0.000000 0.000000 0.000000 1.000000 
Poses estimated with result: 0 undistortFrame=0 checkForLoss=1
Frame received with result: 0
-0.796874 0.402860 -0.450219 6.366088 0.182705 -0.549621 -0.815190 -31.710838 -0.575858 -0.731860 0.364373 472.352051 0.000000 0.000000 0.000000 1.000000 
Poses estimated with result: 0 undistortFrame=0 checkForLoss=1
Frame received with result: 0
-0.798087 0.400331 -0.450326 6.342593 0.190460 -0.541445 -0.818878 -31.471216 -0.571650 -0.739304 0.355873 471.977905 0.000000 0.000000 0.000000 1.000000 
Poses estimated with result: 0 undistortFrame=0 checkForLoss=1
Frame received with result: 0
-0.799525 0.398517 -0.449383 6.347027 0.192660 -0.538488 -0.820311 -31.366993 -0.568897 -0.742437 0.353756 471.490265 0.000000 0.000000 0.000000 1.000000 
Poses estimated with result: 0 undistortFrame=0 checkForLoss=1
Frame received with result: 0
-0.801440 0.396752 -0.447530 6.280580 0.198284 -0.529696 -0.824684 -31.096468 -0.564251 -0.749672 0.345850 470.946716 0.000000 0.000000 0.000000 1.000000 
Poses estimated with result: 0 undistortFrame=0 checkForLoss=1
Frame received with result: 0
-0.801146 0.396593 -0.448197 6.162712 0.202956 -0.524481 -0.826878 -30.897043 -0.563006 -0.753413 0.339694 470.055817 0.000000 0.000000 0.000000 1.000000 
Poses estimated with result: 0 undistortFrame=0 checkForLoss=1
Frame received with result: 0
-0.803721 0.394119 -0.445762 6.226294 0.204925 -0.519983 -0.829230 -30.686575 -0.558605 -0.757816 0.337156 469.864868 0.000000 0.000000 0.000000 1.000000 
Poses estimated with result: 0 undistortFrame=0 checkForLoss=1
Frame received with result: 0
-0.803810 0.393794 -0.445888 6.162431 0.206919 -0.517650 -0.830193 -30.543127 -0.557740 -0.759580 0.334609 469.597839 0.000000 0.000000 0.000000 1.000000 
Poses estimated with result: 0 undistortFrame=0 checkForLoss=1
Frame received with result: 0
-0.805894 0.392232 -0.443497 6.271333 0.206790 -0.515421 -0.831611 -30.492212 -0.554773 -0.761901 0.334265 469.521637 0.000000 0.000000 0.000000 1.000000 
Poses estimated with result: 0 undistortFrame=0 checkForLoss=1
Frame received with result: 0
-0.804533 0.393236 -0.445076 6.148168 0.208502 -0.514688 -0.831638 -30.416834 -0.556106 -0.761879 0.332093 469.175842 0.000000 0.000000 0.000000 1.000000 
Poses estimated with result: 0 undistortFrame=0 checkForLoss=1
Frame received with result: 0
-0.806696 0.391442 -0.442736 6.253546 0.208345 -0.512687 -0.832912 -30.391586 -0.553023 -0.764148 0.332027 468.836792 0.000000 0.000000 0.000000 1.000000 
Poses estimated with result: 0 undistortFrame=0 checkForLoss=1
Frame received with result: 0
-0.806396 0.392128 -0.442676 6.226955 0.207570 -0.513247 -0.832760 -30.391354 -0.553752 -0.763420 0.332487 469.081390 0.000000 0.000000 0.000000 1.000000 
Poses estimated with result: 0 undistortFrame=0 checkForLoss=1
Frame received with result: 0
-0.804665 0.393522 -0.444585 6.153609 0.209495 -0.512454 -0.832767 -30.353857 -0.555542 -0.763236 0.329913 469.092834 0.000000 0.000000 0.000000 1.000000 
Poses estimated with result: 0 undistortFrame=0 checkForLoss=1
Frame received with result: 0
-0.807367 0.390929 -0.441965 6.205748 0.209116 -0.510836 -0.833856 -30.348534 -0.551751 -0.765649 0.330683 468.491364 0.000000 0.000000 0.000000 1.000000 
Poses estimated with result: 0 undistortFrame=0 checkForLoss=1
Frame received with result: 0
-0.804924 0.392989 -0.444586 6.182809 0.210984 -0.510733 -0.833448 -30.427889 -0.554602 -0.764663 0.328187 468.755890 0.000000 0.000000 0.000000 1.000000 
Poses estimated with result: 0 undistortFrame=0 checkForLoss=1
Frame received with result: 0
-0.805917 0.391875 -0.443770 6.140774 0.210677 -0.510675 -0.833561 -30.294346 -0.553276 -0.765273 0.329003 468.144409 0.000000 0.000000 0.000000 1.000000 
Poses estimated with result: 0 undistortFrame=0 checkForLoss=1
Frame received with result: 0
-0.805061 0.392677 -0.444614 6.153034 0.212212 -0.509269 -0.834032 -30.439924 -0.553935 -0.765798 0.326662 468.773132 0.000000 0.000000 0.000000 1.000000 
Poses estimated with result: 0 undistortFrame=0 checkForLoss=1
Frame received with result: 0
-0.805579 0.391738 -0.444505 6.132611 0.212061 -0.509895 -0.833688 -30.269352 -0.553239 -0.765863 0.327688 468.028717 0.000000 0.000000 0.000000 1.000000 
Poses estimated with result: 0 undistortFrame=0 checkForLoss=1
Frame received with result: 0
-0.807213 0.390678 -0.442469 6.175403 0.211145 -0.508895 -0.834531 -30.375034 -0.551204 -0.767068 0.328297 468.077209 0.000000 0.000000 0.000000 1.000000 
Poses estimated with result: 0 undistortFrame=0 checkForLoss=1
Frame received with result: 0
-0.805784 0.391750 -0.444123 6.168633 0.211921 -0.509535 -0.833944 -30.371544 -0.552994 -0.766096 0.327555 468.140747 0.000000 0.000000 0.000000 1.000000 
Poses estimated with result: 0 undistortFrame=0 checkForLoss=1
Frame received with result: 0
-0.805825 0.391519 -0.444251 6.078126 0.212763 -0.508691 -0.834244 -30.200525 -0.552610 -0.766774 0.326616 467.514069 0.000000 0.000000 0.000000 1.000000 
Poses estimated with result: 0 undistortFrame=0 checkForLoss=1
Frame received with result: 0
-0.807183 0.390832 -0.442387 6.197381 0.210765 -0.509211 -0.834434 -30.342983 -0.551393 -0.766779 0.328653 468.103790 0.000000 0.000000 0.000000 1.000000 
Poses estimated with result: 0 undistortFrame=0 checkForLoss=1
Frame received with result: 0
-0.806404 0.391327 -0.443370 6.095553 0.211679 -0.509049 -0.834302 -30.290237 -0.552183 -0.766635 0.327663 467.532806 0.000000 0.000000 0.000000 1.000000 
Poses estimated with result: 0 undistortFrame=0 checkForLoss=1
Frame received with result: 0
-0.806516 0.391022 -0.443435 6.152588 0.212111 -0.508729 -0.834387 -30.370110 -0.551853 -0.767003 0.327358 468.022461 0.000000 0.000000 0.000000 1.000000 
Poses estimated with result: 0 undistortFrame=0 checkForLoss=1
Frame received with result: 0
-0.806146 0.391070 -0.444065 6.071389 0.213009 -0.508357 -0.834385 -30.226440 -0.552047 -0.767225 0.326509 467.362579 0.000000 0.000000 0.000000 1.000000 
Poses estimated with result: 0 undistortFrame=0 checkForLoss=1
Frame received with result: 0
-0.807117 0.390500 -0.442801 6.189647 0.211866 -0.508478 -0.834602 -30.283613 -0.551068 -0.767435 0.327668 467.722321 0.000000 0.000000 0.000000 1.000000 
Poses estimated with result: 0 undistortFrame=0 checkForLoss=1
Frame received with result: 0
-0.806364 0.391285 -0.443479 6.073057 0.212578 -0.507981 -0.834724 -30.234390 -0.551895 -0.767364 0.326439 467.313385 0.000000 0.000000 0.000000 1.000000 
Poses estimated with result: 0 undistortFrame=0 checkForLoss=1
Frame received with result: 0
-0.807096 0.390667 -0.442692 6.155483 0.212236 -0.507704 -0.834979 -30.272326 -0.550956 -0.767862 0.326852 467.611115 0.000000 0.000000 0.000000 1.000000 
Poses estimated with result: 0 undistortFrame=0 checkForLoss=1
Frame received with result: 0
-0.806139 0.391092 -0.444057 6.129539 0.213545 -0.507588 -0.834716 -30.269993 -0.551850 -0.767722 0.325671 467.568481 0.000000 0.000000 0.000000 1.000000 
Poses estimated with result: 0 undistortFrame=0 checkForLoss=1
Frame received with result: 0
-0.806594 0.390931 -0.443373 6.120654 0.213334 -0.506993 -0.835131 -30.261747 -0.551267 -0.768198 0.325538 467.714600 0.000000 0.000000 0.000000 1.000000 
Poses estimated with result: 0 undistortFrame=0 checkForLoss=1
Frame received with result: 0
-0.805862 0.391932 -0.443820 6.104468 0.213120 -0.507324 -0.834985 -30.285725 -0.552419 -0.767468 0.325305 467.648712 0.000000 0.000000 0.000000 1.000000 
Poses estimated with result: 0 undistortFrame=0 checkForLoss=1
Frame received with result: 0
-0.806124 0.391240 -0.443955 6.098187 0.213298 -0.507693 -0.834715 -30.215485 -0.551969 -0.767577 0.325813 467.270935 0.000000 0.000000 0.000000 1.000000 
Poses estimated with result: 0 undistortFrame=0 checkForLoss=1
Frame received with result: 0
-0.805605 0.391710 -0.444482 6.040519 0.213575 -0.507780 -0.834591 -30.206642 -0.552618 -0.767280 0.325411 467.327271 0.000000 0.000000 0.000000 1.000000 
Poses estimated with result: 0 undistortFrame=0 checkForLoss=1
Frame received with result: 0
-0.805612 0.391969 -0.444241 6.035953 0.213516 -0.507357 -0.834864 -30.231619 -0.552631 -0.767427 0.325041 467.144653 0.000000 0.000000 0.000000 1.000000 
Poses estimated with result: 0 undistortFrame=0 checkForLoss=1
Frame received with result: 0
-0.806397 0.391398 -0.443319 6.046601 0.213211 -0.506802 -0.835279 -30.205317 -0.551602 -0.768086 0.325233 467.189056 0.000000 0.000000 0.000000 1.000000 
Poses estimated with result: 0 undistortFrame=0 checkForLoss=1
Frame received with result: 0
-0.806099 0.391862 -0.443451 6.072993 0.213111 -0.506848 -0.835276 -30.200590 -0.552077 -0.767818 0.325060 467.312805 0.000000 0.000000 0.000000 1.000000 
Poses estimated with result: 0 undistortFrame=0 checkForLoss=1
Frame received with result: 0
-0.805576 0.391735 -0.444513 6.015339 0.213710 -0.507622 -0.834653 -30.181625 -0.552608 -0.767372 0.325211 467.127167 0.000000 0.000000 0.000000 1.000000 
Poses estimated with result: 0 undistortFrame=0 checkForLoss=1
Frame received with result: 0
-0.804451 0.393402 -0.445078 5.996958 0.213315 -0.507965 -0.834545 -30.196707 -0.554397 -0.766291 0.324715 467.054169 0.000000 0.000000 0.000000 1.000000 
Poses estimated with result: 0 undistortFrame=0 checkForLoss=1
Frame received with result: 0
-0.805464 0.392507 -0.444034 6.048511 0.213327 -0.506993 -0.835133 -30.201633 -0.552919 -0.767393 0.324633 467.077240 0.000000 0.000000 0.000000 1.000000 
Poses estimated with result: 0 undistortFrame=0 checkForLoss=1
Frame received with result: 0
-0.806520 0.391502 -0.443004 6.103079 0.213181 -0.506324 -0.835576 -30.186249 -0.551434 -0.768348 0.324899 467.054932 0.000000 0.000000 0.000000 1.000000 
Poses estimated with result: 0 undistortFrame=0 checkForLoss=1
Frame received with result: 0
-0.805802 0.392177 -0.443713 6.041624 0.213502 -0.506490 -0.835393 -30.183781 -0.552359 -0.767894 0.324400 466.850159 0.000000 0.000000 0.000000 1.000000 
Poses estimated with result: 0 undistortFrame=0 checkForLoss=1
Frame received with result: 0
-0.804711 0.392986 -0.444975 5.975366 0.214650 -0.506221 -0.835262 -30.165859 -0.553503 -0.767657 0.323007 466.604736 0.000000 0.000000 0.000000 1.000000 
Poses estimated with result: 0 undistortFrame=0 checkForLoss=1
Frame received with result: 0
-0.806215 0.391300 -0.443737 6.067339 0.214260 -0.506003 -0.835495 -30.157614 -0.551462 -0.768662 0.324107 466.244446 0.000000 0.000000 0.000000 1.000000 
Poses estimated with result: 0 undistortFrame=0 checkForLoss=1
Frame received with result: 0
-0.805452 0.392347 -0.444197 6.020857 0.214270 -0.506016 -0.835485 -30.161274 -0.552571 -0.768120 0.323503 466.561737 0.000000 0.000000 0.000000 1.000000 
Poses estimated with result: 0 undistortFrame=0 checkForLoss=1
Frame received with result: 0
-0.805091 0.392603 -0.444625 6.022016 0.214415 -0.506275 -0.835290 -30.159643 -0.553041 -0.767817 0.323418 466.492584 0.000000 0.000000 0.000000 1.000000 
Poses estimated with result: 0 undistortFrame=0 checkForLoss=1
Frame received with result: 0
-0.804536 0.393182 -0.445118 5.992830 0.214455 -0.506579 -0.835095 -30.139557 -0.553833 -0.767321 0.323242 466.668213 0.000000 0.000000 0.000000 1.000000 
Poses estimated with result: 0 undistortFrame=0 checkForLoss=1
Frame received with result: 0
-0.806127 0.391662 -0.443577 6.073512 0.213699 -0.506333 -0.835438 -30.144928 -0.551808 -0.768260 0.324472 466.473999 0.000000 0.000000 0.000000 1.000000 
Poses estimated with result: 0 undistortFrame=0 checkForLoss=1
Frame received with result: 0
-0.805175 0.391998 -0.445007 5.988458 0.215756 -0.505330 -0.835517 -30.155941 -0.552398 -0.768749 0.322303 466.621613 0.000000 0.000000 0.000000 1.000000 
Poses estimated with result: 0 undistortFrame=0 checkForLoss=1
Frame received with result: 0
-0.804482 0.393133 -0.445259 5.972816 0.214644 -0.506549 -0.835065 -30.154236 -0.553838 -0.767366 0.323126 466.536499 0.000000 0.000000 0.000000 1.000000 
Poses estimated with result: 0 undistortFrame=0 checkForLoss=1
Frame received with result: 0
-0.805427 0.392168 -0.444401 6.016249 0.214285 -0.506399 -0.835248 -30.135183 -0.552603 -0.767959 0.323832 466.449982 0.000000 0.000000 0.000000 1.000000 
Poses estimated with result: 0 undistortFrame=0 checkForLoss=1
Frame received with result: 0
-0.804501 0.392824 -0.445498 6.001568 0.215037 -0.506536 -0.834972 -30.161011 -0.553659 -0.767532 0.323037 466.798126 0.000000 0.000000 0.000000 1.000000 
Poses estimated with result: 0 undistortFrame=0 checkForLoss=1
Frame received with result: 0
-0.805116 0.392531 -0.444645 6.022930 0.214020 -0.506897 -0.835014 -30.109797 -0.553159 -0.767444 0.324101 466.311554 0.000000 0.000000 0.000000 1.000000 
Poses estimated with result: 0 undistortFrame=0 checkForLoss=1
Frame received with result: 0
-0.805407 0.392086 -0.444510 6.037124 0.214990 -0.505625 -0.835536 -30.158642 -0.552359 -0.768510 0.322939 466.448792 0.000000 0.000000 0.000000 1.000000 
Poses estimated with result: 0 undistortFrame=0 checkForLoss=1
Frame received with result: 0
-0.804940 0.392809 -0.444717 5.974855 0.214640 -0.505973 -0.835416 -30.115368 -0.553175 -0.767912 0.322965 466.490814 0.000000 0.000000 0.000000 1.000000 
Poses estimated with result: 0 undistortFrame=0 checkForLoss=1
Frame received with result: 0
-0.806262 0.391569 -0.443414 6.049142 0.214272 -0.505356 -0.835883 -30.103672 -0.551389 -0.768950 0.323547 466.268280 0.000000 0.000000 0.000000 1.000000 
Poses estimated with result: 0 undistortFrame=0 checkForLoss=1
Frame received with result: 0
-0.806059 0.391829 -0.443554 6.039775 0.214068 -0.505684 -0.835737 -30.140350 -0.551765 -0.768602 0.323732 466.582092 0.000000 0.000000 0.000000 1.000000 
Poses estimated with result: 0 undistortFrame=0 checkForLoss=1
Frame received with result: 0
-0.805330 0.392349 -0.444418 6.004844 0.214607 -0.505865 -0.835489 -30.126129 -0.552620 -0.768218 0.323187 466.427155 0.000000 0.000000 0.000000 1.000000 
Poses estimated with result: 0 undistortFrame=0 checkForLoss=1
Frame received with result: 0
-0.806168 0.391401 -0.443734 6.047320 0.215020 -0.504877 -0.835981 -30.109655 -0.551236 -0.769350 0.322856 466.107239 0.000000 0.000000 0.000000 1.000000 
Poses estimated with result: 0 undistortFrame=0 checkForLoss=1
Frame received with result: 0
-0.805109 0.392397 -0.444775 5.987155 0.215051 -0.505735 -0.835454 -30.128807 -0.552769 -0.768279 0.322786 466.398224 0.000000 0.000000 0.000000 1.000000 
Poses estimated with result: 0 undistortFrame=0 checkForLoss=1
Frame received with result: 0
-0.806221 0.391367 -0.443668 6.038918 0.214966 -0.504878 -0.835994 -30.122227 -0.551180 -0.769367 0.322912 466.122833 0.000000 0.000000 0.000000 1.000000 
Poses estimated with result: 0 undistortFrame=0 checkForLoss=1
Frame received with result: 0
-0.805001 0.392592 -0.444799 5.969290 0.215287 -0.505323 -0.835643 -30.127975 -0.552835 -0.768450 0.322265 466.329712 0.000000 0.000000 0.000000 1.000000 
Poses estimated with result: 0 undistortFrame=0 checkForLoss=1
Frame received with result: 0
-0.806275 0.391325 -0.443606 6.052495 0.214752 -0.505113 -0.835907 -30.115040 -0.551184 -0.769234 0.323221 466.057526 0.000000 0.000000 0.000000 1.000000 
Poses estimated with result: 0 undistortFrame=0 checkForLoss=1
Frame received with result: 0
-0.805800 0.391957 -0.443912 6.030762 0.214508 -0.505511 -0.835729 -30.142292 -0.551973 -0.768651 0.323262 466.108398 0.000000 0.000000 0.000000 1.000000 
Poses estimated with result: 0 undistortFrame=0 checkForLoss=1
Frame received with result: 0
-0.805733 0.392070 -0.443933 6.016408 0.214816 -0.505044 -0.835932 -30.124893 -0.551951 -0.768900 0.322708 466.029022 0.000000 0.000000 0.000000 1.000000 
Poses estimated with result: 0 undistortFrame=0 checkForLoss=1
Frame received with result: 0
-0.805102 0.392407 -0.444780 5.971799 0.215339 -0.505334 -0.835622 -30.110060 -0.552667 -0.768537 0.322344 466.214233 0.000000 0.000000 0.000000 1.000000 
Poses estimated with result: 0 undistortFrame=0 checkForLoss=1
Frame received with result: 0
-0.806399 0.391319 -0.443387 6.015129 0.215043 -0.504393 -0.836267 -30.113895 -0.550889 -0.769710 0.322591 465.961456 0.000000 0.000000 0.000000 1.000000 
Poses estimated with result: 0 undistortFrame=0 checkForLoss=1
Frame received with result: 0
-0.805649 0.391712 -0.444402 5.985458 0.214982 -0.505708 -0.835488 -30.126852 -0.552009 -0.768646 0.323212 466.181824 0.000000 0.000000 0.000000 1.000000 
Poses estimated with result: 0 undistortFrame=0 checkForLoss=1
Frame received with result: 0
-0.806489 0.391028 -0.443480 6.041220 0.215113 -0.504606 -0.836120 -30.118509 -0.550730 -0.769718 0.322843 465.962158 0.000000 0.000000 0.000000 1.000000 
Poses estimated with result: 0 undistortFrame=0 checkForLoss=1
Frame received with result: 0
-0.804866 0.392423 -0.445193 5.984551 0.215565 -0.505608 -0.835398 -30.116018 -0.552924 -0.768349 0.322354 466.347504 0.000000 0.000000 0.000000 1.000000 
Poses estimated with result: 0 undistortFrame=0 checkForLoss=1
Frame received with result: 0
-0.806182 0.391573 -0.443556 6.002721 0.214738 -0.504909 -0.836034 -30.114431 -0.551326 -0.769241 0.322963 465.948547 0.000000 0.000000 0.000000 1.000000 
Poses estimated with result: 0 undistortFrame=0 checkForLoss=1
Frame received with result: 0
-0.805955 0.391808 -0.443761 6.002779 0.214773 -0.505014 -0.835961 -30.120403 -0.551643 -0.769053 0.322868 465.955994 0.000000 0.000000 0.000000 1.000000 
Poses estimated with result: 0 undistortFrame=0 checkForLoss=1
Frame received with result: 0
-0.806035 0.391424 -0.443955 6.013687 0.214926 -0.505314 -0.835740 -30.108412 -0.551467 -0.769051 0.323174 465.900055 0.000000 0.000000 0.000000 1.000000 
Poses estimated with result: 0 undistortFrame=0 checkForLoss=1
Frame received with result: 0
-0.806374 0.391480 -0.443291 6.034509 0.214558 -0.504833 -0.836126 -30.121765 -0.551115 -0.769339 0.323089 465.934052 0.000000 0.000000 0.000000 1.000000 
Poses estimated with result: 0 undistortFrame=0 checkForLoss=1
Frame received with result: 0
-0.806244 0.391475 -0.443531 6.003354 0.214655 -0.505048 -0.835971 -30.111881 -0.551267 -0.769200 0.323160 465.924927 0.000000 0.000000 0.000000 1.000000 
Poses estimated with result: 0 undistortFrame=0 checkForLoss=1
Frame received with result: 0
-0.806317 0.391420 -0.443446 6.036235 0.214537 -0.505122 -0.835957 -30.107729 -0.551205 -0.769180 0.323314 465.925232 0.000000 0.000000 0.000000 1.000000 
Poses estimated with result: 0 undistortFrame=0 checkForLoss=1
Frame received with result: 0
-0.805819 0.392051 -0.443795 5.994129 0.214679 -0.505047 -0.835966 -30.100916 -0.551879 -0.768908 0.322811 465.949615 0.000000 0.000000 0.000000 1.000000 
Poses estimated with result: 0 undistortFrame=0 checkForLoss=1
Frame received with result: 0
-0.806630 0.391129 -0.443134 6.040865 0.214468 -0.504946 -0.836081 -30.118982 -0.550775 -0.769444 0.323419 465.916351 0.000000 0.000000 0.000000 1.000000 
Poses estimated with result: 0 undistortFrame=0 checkForLoss=1
Frame received with result: 0
-0.805862 0.391738 -0.443992 5.994976 0.215028 -0.505035 -0.835883 -30.093166 -0.551680 -0.769075 0.322753 465.786102 0.000000 0.000000 0.000000 1.000000 
Poses estimated with result: 0 undistortFrame=0 checkForLoss=1
Frame received with result: 0
-0.805994 0.391463 -0.443996 6.011533 0.215266 -0.504876 -0.835918 -30.105461 -0.551395 -0.769320 0.322657 465.841705 0.000000 0.000000 0.000000 1.000000 
Poses estimated with result: 0 undistortFrame=0 checkForLoss=1
Frame received with result: 0
-0.805386 0.392155 -0.444489 5.998670 0.215041 -0.505481 -0.835610 -30.085306 -0.552370 -0.768570 0.322777 465.850067 0.000000 0.000000 0.000000 1.000000 
Poses estimated with result: 0 undistortFrame=0 checkForLoss=1
Frame received with result: 0
-0.806594 0.391088 -0.443237 6.017577 0.215233 -0.504050 -0.836425 -30.079185 -0.550530 -0.770052 0.322388 465.740692 0.000000 0.000000 0.000000 1.000000 
Poses estimated with result: 0 undistortFrame=0 checkForLoss=1
Frame received with result: 0
-0.805998 0.391420 -0.444026 5.985822 0.214739 -0.505680 -0.835567 -30.091560 -0.551594 -0.768813 0.323523 465.890167 0.000000 0.000000 0.000000 1.000000 
Poses estimated with result: 0 undistortFrame=0 checkForLoss=1
Frame received with result: 0
-0.806527 0.391234 -0.443229 6.043246 0.214436 -0.505064 -0.836018 -30.087894 -0.550939 -0.769313 0.323452 465.798920 0.000000 0.000000 0.000000 1.000000 
Poses estimated with result: 0 undistortFrame=0 checkForLoss=1
Frame received with result: 0
-0.805920 0.391988 -0.443668 5.986218 0.214456 -0.505211 -0.835923 -30.081936 -0.551819 -0.768832 0.323095 465.943848 0.000000 0.000000 0.000000 1.000000 
Poses estimated with result: 0 undistortFrame=0 checkForLoss=1
Frame received with result: 0
-0.805650 0.392028 -0.444122 6.002430 0.215042 -0.505027 -0.835884 -30.101818 -0.551984 -0.768933 0.322572 465.974396 0.000000 0.000000 0.000000 1.000000 
Poses estimated with result: 0 undistortFrame=0 checkForLoss=1
Frame received with result: 0
-0.806518 0.391319 -0.443171 6.030893 0.214418 -0.504953 -0.836089 -30.081156 -0.550959 -0.769343 0.323347 465.742462 0.000000 0.000000 0.000000 1.000000 
Poses estimated with result: 0 undistortFrame=0 checkForLoss=1
Frame received with result: 0
-0.806115 0.391852 -0.443434 5.996914 0.214468 -0.504940 -0.836084 -30.081612 -0.551529 -0.769080 0.322999 465.809174 0.000000 0.000000 0.000000 1.000000 
Poses estimated with result: 0 undistortFrame=0 checkForLoss=1
Frame received with result: 0
-0.806198 0.391858 -0.443278 6.030287 0.214394 -0.504814 -0.836179 -30.102638 -0.551437 -0.769160 0.322967 465.953552 0.000000 0.000000 0.000000 1.000000 
Poses estimated with result: 0 undistortFrame=0 checkForLoss=1
Frame received with result: 0
-0.806378 0.391557 -0.443215 6.006686 0.214699 -0.504480 -0.836303 -30.056833 -0.551054 -0.769532 0.322733 465.836060 0.000000 0.000000 0.000000 1.000000 
Poses estimated with result: 0 undistortFrame=0 checkForLoss=1
Frame received with result: 0
-0.805990 0.391503 -0.443969 5.990505 0.215240 -0.504849 -0.835941 -30.082926 -0.551411 -0.769317 0.322635 465.848450 0.000000 0.000000 0.000000 1.000000 
Poses estimated with result: 0 undistortFrame=0 checkForLoss=1
Frame received with result: 0
-0.806160 0.391317 -0.443823 5.984340 0.215260 -0.504723 -0.836012 -30.070915 -0.551154 -0.769495 0.322651 465.717346 0.000000 0.000000 0.000000 1.000000 
Poses estimated with result: 0 undistortFrame=0 checkForLoss=1
Frame received with result: 0
-0.806587 0.391197 -0.443154 6.010332 0.214776 -0.504502 -0.836269 -30.080276 -0.550719 -0.769700 0.322904 465.884399 0.000000 0.000000 0.000000 1.000000 
Poses estimated with result: 0 undistortFrame=0 checkForLoss=1
Frame received with result: 0
-0.806585 0.391273 -0.443090 6.030734 0.214410 -0.504875 -0.836138 -30.068399 -0.550864 -0.769417 0.323331 465.779724 0.000000 0.000000 0.000000 1.000000 
Poses estimated with result: 0 undistortFrame=0 checkForLoss=1
Frame received with result: 0
-0.806086 0.391562 -0.443743 6.003525 0.215020 -0.504794 -0.836031 -30.051638 -0.551357 -0.769324 0.322712 465.787750 0.000000 0.000000 0.000000 1.000000 
Poses estimated with result: 0 undistortFrame=0 checkForLoss=1
Frame received with result: 0
-0.805806 0.391672 -0.444153 5.964931 0.215464 -0.504701 -0.835973 -30.049953 -0.551592 -0.769329 0.322298 465.757782 0.000000 0.000000 0.000000 1.000000 
Poses estimated with result: 0 undistortFrame=0 checkForLoss=1
Frame received with result: 0
-0.805762 0.391868 -0.444060 5.993848 0.215110 -0.504940 -0.835919 -30.082361 -0.551795 -0.769071 0.322566 465.980530 0.000000 0.000000 0.000000 1.000000 
Poses estimated with result: 0 undistortFrame=0 checkForLoss=1
Frame received with result: 0
-0.806228 0.391375 -0.443649 5.987115 0.215321 -0.504350 -0.836221 -30.053864 -0.551031 -0.769710 0.322348 465.664215 0.000000 0.000000 0.000000 1.000000 
Poses estimated with result: 0 undistortFrame=0 checkForLoss=1
Frame received with result: 0
-0.806347 0.391049 -0.443721 5.992687 0.215479 -0.504432 -0.836131 -30.061914 -0.550796 -0.769821 0.322483 465.604553 0.000000 0.000000 0.000000 1.000000 
Poses estimated with result: 0 undistortFrame=0 checkForLoss=1
Frame received with result: 0
-0.805786 0.391818 -0.444061 5.971572 0.215136 -0.504936 -0.835915 -30.068104 -0.551749 -0.769100 0.322575 465.722717 0.000000 0.000000 0.000000 1.000000 
Poses estimated with result: 0 undistortFrame=0 checkForLoss=1
Frame received with result: 0
-0.805942 0.391496 -0.444062 5.958836 0.215421 -0.504735 -0.835963 -30.061634 -0.551410 -0.769396 0.322449 465.778992 0.000000 0.000000 0.000000 1.000000 
Poses estimated with result: 0 undistortFrame=0 checkForLoss=1
Frame received with result: 0
-0.806422 0.391271 -0.443389 6.007400 0.215075 -0.504381 -0.836266 -30.062288 -0.550844 -0.769742 0.322590 465.748657 0.000000 0.000000 0.000000 1.000000 
Poses estimated with result: 0 undistortFrame=0 checkForLoss=1
Frame received with result: 0
-0.806084 0.391640 -0.443679 5.980534 0.215256 -0.504324 -0.836254 -30.064518 -0.551268 -0.769592 0.322223 465.752411 0.000000 0.000000 0.000000 1.000000 
Poses estimated with result: 0 undistortFrame=0 checkForLoss=1
Frame received with result: 0
-0.805387 0.392195 -0.444454 5.944689 0.215488 -0.504786 -0.835915 -30.059288 -0.552196 -0.769006 0.322033 465.808807 0.000000 0.000000 0.000000 1.000000 
Poses estimated with result: 0 undistortFrame=0 checkForLoss=1
Frame received with result: 0
-0.805369 0.392026 -0.444635 5.968436 0.215595 -0.504999 -0.835759 -30.067587 -0.552180 -0.768952 0.322190 465.933563 0.000000 0.000000 0.000000 1.000000 
Poses estimated with result: 0 undistortFrame=0 checkForLoss=1
Frame received with result: 0
-0.806202 0.391417 -0.443661 5.983702 0.215699 -0.503814 -0.836447 -30.050556 -0.550922 -0.770039 0.321746 465.611206 0.000000 0.000000 0.000000 1.000000 
Poses estimated with result: 0 undistortFrame=0 checkForLoss=1
Frame received with result: 0
-0.806863 0.390798 -0.443005 5.999451 0.214985 -0.504237 -0.836376 -30.050388 -0.550233 -0.770077 0.322833 465.630585 0.000000 0.000000 0.000000 1.000000 
Poses estimated with result: 0 undistortFrame=0 checkForLoss=1
Frame received with result: 0
-0.806439 0.391476 -0.443179 6.008652 0.214391 -0.504907 -0.836124 -30.062969 -0.551087 -0.769293 0.323245 465.847900 0.000000 0.000000 0.000000 1.000000 
Poses estimated with result: 0 undistortFrame=0 checkForLoss=1
Frame received with result: 0
-0.805625 0.392196 -0.444022 5.967354 0.215251 -0.504491 -0.836154 -30.063717 -0.551941 -0.769199 0.322008 465.836914 0.000000 0.000000 0.000000 1.000000 
Poses estimated with result: 0 undistortFrame=0 checkForLoss=1
Frame received with result: 0
-0.805454 0.391992 -0.444512 5.966298 0.215460 -0.505032 -0.835774 -30.039120 -0.552109 -0.768948 0.322320 465.800018 0.000000 0.000000 0.000000 1.000000 
Poses estimated with result: 0 undistortFrame=0 checkForLoss=1
Frame received with result: 0
-0.806652 0.391345 -0.442907 6.022691 0.214471 -0.504480 -0.836361 -30.043060 -0.550744 -0.769639 0.323005 465.729187 0.000000 0.000000 0.000000 1.000000 
Poses estimated with result: 0 undistortFrame=0 checkForLoss=1
Frame received with result: 0
-0.805662 0.392051 -0.444083 5.918860 0.215204 -0.504731 -0.836021 -30.031887 -0.551906 -0.769115 0.322270 465.610718 0.000000 0.000000 0.000000 1.000000 
Poses estimated with result: 0 undistortFrame=0 checkForLoss=1
Frame received with result: 0
-0.805328 0.391929 -0.444795 6.004506 0.215706 -0.505135 -0.835648 -30.094419 -0.552196 -0.768912 0.322256 466.178040 0.000000 0.000000 0.000000 1.000000 
Poses estimated with result: 0 undistortFrame=0 checkForLoss=1
Frame received with result: 0
-0.806775 0.390819 -0.443146 5.985313 0.215301 -0.503987 -0.836446 -30.026981 -0.550239 -0.770229 0.322458 465.533051 0.000000 0.000000 0.000000 1.000000 
Poses estimated with result: 0 undistortFrame=0 checkForLoss=1
Frame received with result: 0
-0.806070 0.391741 -0.443615 6.003624 0.215132 -0.504344 -0.836274 -30.102343 -0.551337 -0.769527 0.322258 465.997131 0.000000 0.000000 0.000000 1.000000 
Poses estimated with result: 0 undistortFrame=0 checkForLoss=1
Frame received with result: 0
-0.805532 0.392118 -0.444260 5.959147 0.215601 -0.504394 -0.836123 -30.031742 -0.551941 -0.769302 0.321762 465.696228 0.000000 0.000000 0.000000 1.000000 
Poses estimated with result: 0 undistortFrame=0 checkForLoss=1
Frame received with result: 0
-0.804847 0.392556 -0.445114 5.935787 0.215499 -0.505506 -0.835478 -30.049229 -0.552979 -0.768349 0.322257 465.928314 0.000000 0.000000 0.000000 1.000000 
Poses estimated with result: 0 undistortFrame=0 checkForLoss=1
Frame received with result: 0
-0.805263 0.392162 -0.444708 5.968018 0.214956 -0.505912 -0.835371 -30.071934 -0.552584 -0.768282 0.323092 465.725891 0.000000 0.000000 0.000000 1.000000 
Poses estimated with result: 0 undistortFrame=0 checkForLoss=1
Frame received with result: 0
-0.805366 0.391790 -0.444849 5.988099 0.215610 -0.505432 -0.835494 -30.057520 -0.552179 -0.768788 0.322582 465.811981 0.000000 0.000000 0.000000 1.000000 
Poses estimated with result: 0 undistortFrame=0 checkForLoss=1
Frame received with result: 0
-0.806650 0.391043 -0.443176 6.007039 0.214777 -0.504628 -0.836194 -30.060596 -0.550627 -0.769696 0.323068 465.464020 0.000000 0.000000 0.000000 1.000000 
Poses estimated with result: 0 undistortFrame=0 checkForLoss=1
Frame received with result: 0
-0.805839 0.391669 -0.444098 5.969083 0.215302 -0.504848 -0.835926 -30.060760 -0.551608 -0.769233 0.322496 465.688934 0.000000 0.000000 0.000000 1.000000 
Poses estimated with result: 0 undistortFrame=0 checkForLoss=1
Frame received with result: 0
-0.806750 0.390900 -0.443122 6.005000 0.215090 -0.504198 -0.836373 -30.051529 -0.550358 -0.770050 0.322680 465.640289 0.000000 0.000000 0.000000 1.000000 
Poses estimated with result: 0 undistortFrame=0 checkForLoss=1
Frame received with result: 0
-0.805913 0.391723 -0.443916 5.946773 0.215294 -0.504563 -0.836100 -30.028957 -0.551503 -0.769392 0.322296 465.648712 0.000000 0.000000 0.000000 1.000000 
Poses estimated with result: 0 undistortFrame=0 checkForLoss=1
Frame received with result: 0
-0.804814 0.392462 -0.445256 5.925763 0.215706 -0.505479 -0.835441 -30.068457 -0.552945 -0.768414 0.322158 465.896271 0.000000 0.000000 0.000000 1.000000 
Poses estimated with result: 0 undistortFrame=0 checkForLoss=1
Frame received with result: 0
-0.806120 0.391574 -0.443672 6.003676 0.214421 -0.505519 -0.835747 -30.090664 -0.551541 -0.768840 0.323545 465.862366 0.000000 0.000000 0.000000 1.000000 
Poses estimated with result: 0 undistortFrame=0 checkForLoss=1
Frame received with result: 0
